0.000113999 36.1321 35.1818 33.8157 988.554 914.141 807.48 
0.000156006 49.2237 47.5588 46.2067 1791.23 1628.16 1461.86 
0.000239981 70.2673 68.0923 66.3899 3550.77 3237.15 2911.71 
0.000322997 89.0067 85.9761 83.8623 5593.74 5059.43 4539.95 
0.000490918 94.2694 91.6699 88.588 6246.89 5720.43 5038.65 
0.000657895 113.201 110.127 106.443 8881.01 8127.98 7143.65 
0.000992063 129.105 125.373 121.392 11434.7 10418.5 9171.22 
0.00132626 157.413 153.021 149.254 16739.4 15259.3 13584.1 
0.00199601 190.771 185.928 182.084 24222.1 22157.6 19823.8 
0.002849 211.521 206.582 202.744 29540.4 27109.6 24318 
8.49237 0.520165
8.47882 0.522226
8.47859 0.525988
